011 gdas.adpsfc.t00z.20100323.bufr
011 gdas.adpsfc.t06z.20100323.bufr
031 2010032300  2010032318
071 71019 71020 71021 71023 71024 71026 71027 71028 71029 71030
071 71032 71039 71042 71043 71044 71045 71046 71048 71049 71050
071 71069 71073 71075 71076 71077 71078 71079 71081 71083 71084
071 71088 71090 71090 71092 71093 71094 71095 71096 71097 71100
071 72201 72202 72206 72208 72211 72217 72217 72226 72235 72240
071 72248 72253 72259 72270 72302 72308 72312 72314 72317 72326
071 72327 72334 72344 72353 72363 72365 72376 72405 72410 72414
071 72423 72429 72438 72445 72446 72451 72475 72503 72506 72509
071 72513 72518 72519 72520 72524 72528 72532 72533 72534 72537
071 72562 72565 72572 72597
999
